tmp12=0.3*rand(1)+0.01
fdsa=0